0     350.0   0.0      0.0     0.0
1       0.0   0.917    0.0     1.0
2       0.0   0.918    0.0     1.0
3       0.0   0.919    0.0     1.0
4       0.0   0.918    0.0     1.0
5       0.0   0.918    0.0     1.0
6       0.0   0.918    0.0     1.0
7       0.0   0.918    0.0     1.0
8       0.0   0.917    0.0     1.0
9       0.0   0.900    0.0     1.0
10      0.0   0.900    0.0     1.0
11      0.0   0.910    0.0     1.0
12      0.0   0.910    0.0     1.0
13      0.0   0.904    0.0     1.0
14      0.0   0.904    0.0     1.0
15      0.0   0.905    0.0     1.0
16      0.0   0.904    0.0     1.0
17      0.0   0.95    0.0     1.0
18      0.0   0.99    0.0     1.0
19      0.0   0.98    0.0     1.0
20      0.0   1.01    0.0     1.0
21      0.0   1.0    0.0     1.0
22      0.0   1.1    0.0     1.0
23      0.0   0.95    0.0     1.0
24      0.0   0.902    0.0     1.0
25      0.0   0.875    0.0     1.0
26      0.0   0.873    0.0     1.0
27      0.0   0.870    0.0     1.0
28      0.0   0.871    0.0     1.0
29      0.0   0.875    0.0     1.0
30      0.0   0.872    0.0     1.0
31      0.0   0.872    0.0     1.0
32      0.0   0.875    0.0     1.0
33      0.0   0.70     -11.571   1.38547587
34      0.0   0.70     -15.376   1.16580939
35      0.0   0.70     -17.096   1.20797241
36      0.0   0.70     -16.151   1.06947565
37      0.0   1.0      0.0     1.0
38      0.0   0.914    0.0     1.0
39      0.0   0.915    0.0     1.0
40      0.0   0.915    0.0     1.0
41      0.0   0.7      -11.83  0.987
42      0.0   0.912    0.0     1.0
43      0.0   0.874    0.0     1.0
44      0.0   0.875    0.0     1.0
45      0.0   0.890    0.0     1.0
46      0.0   0.890    0.0     1.0
47      0.0   0.890    0.0     1.0
48      0.0   0.890    0.0     1.0
49      0.0   0.920    0.0     1.0
50      0.0   0.919    0.0     1.0
51      0.0   0.903    0.0     1.0
52      0.0   0.906    0.0     1.0
53      0.0   0.7    0.0     1.0
54      0.0   0.8    0.0     1.0
55      0.0   1.1    0.0     1.0
56      0.0   1.0    0.0     1.0
57      0.0   0.860    0.0     1.0
58      0.0   0.860    0.0     1.0
59      0.0   0.860    0.0     1.0
60      0.0   0.860    0.0     1.0
61      0.0   0.860    0.0     1.0
62      0.0   0.860    0.0     1.0
63      0.0   0.860    0.0     1.0   
64      0.0   0.860    0.0     1.0
