1010    11    1 GE1 129.0
1011    12    1 GE2 129.0
1012    13    1 GE3 132.0
1013    14    1 GE4 132.0
1014    2    1 BGO 0.0
1015    50    1 SEGL 0.0
1016    51    1 SEGM 0.0
1017    52    1 SEGR 0.0
1018    4    1 AUX 0.0
1019    4    1 AUX 0.0
1020    11    2 GE1 132.0
1021    12    2 GE2 132.0
1022    13    2 GE3 124.0
1023    14    2 GE4 124.0
1024    2    2 BGO 0.0
1025    50    2 SEGL 0.0
1026    51    2 SEGM 0.0
1027    52    2 SEGR 0.0
1028    4    2 AUX 0.0
1029    4    2 AUX 0.0
1030    11    3 GE1 0.0
1031    12    3 GE2 0.0
1032    13    3 GE3 0.0
1033    14    3 GE4 0.0
1034    2    3 BGO 0.0
1035    50    3 SEGL 0.0
1036    51    3 SEGM 0.0
1037    52    3 SEGR 0.0
1038    4    3 AUX 0.0
1039    4    3 AUX 0.0
1040    11    4 GE1 95.0
1041    12    4 GE2 95.0
1042    13    4 GE3 86.0
1043    14    4 GE4 86.0
1044    2    4 BGO 0.0
1045    50    4 SEGL 0.0
1046    51    4 SEGM 0.0
1047    52    4 SEGR 0.0
1048    4    4 AUX 0.0
1049    4    4 AUX 0.0
1050    11    5 GE1 92.5
1051    12    5 GE2 92.5
1052    13    5 GE3 84.5
1053    14    5 GE4 84.5
1054    2    5 BGO 0.0
1055    50    5 SEGL 0.0
1056    51    5 SEGM 0.0
1057    52    5 SEGR 0.0
1058    4    5 AUX 0.0
1059    4    5 AUX 0.0
1060    11    6 GE1 91.0
1061    12    6 GE2 91.5
1062    13    6 GE3 82.0
1063    14    6 GE4 82.0
1064    2    6 BGO 0.0
1065    50    6 SEGL 0.0
1066    51    6 SEGM 0.0
1067    52    6 SEGR 0.0
1068    4    6 AUX 0.0
1069    4    6 AUX 0.0
1070    11    7 GE1 47.0
1071    12    7 GE2 46.0
1072    13    7 GE3 42.5
1073    14    7 GE4 44.0
1074    2    7 BGO 0.0
1075    50    7 SEGL 0.0
1076    51    7 SEGM 0.0
1077    52    7 SEGR 0.0
1078    4    7 AUX 0.0
1079    4    7 AUX 0.0
1080    11    8 GE1 47.0
1081    12    8 GE2 46.0
1082    13    8 GE3 42.5
1083    14    8 GE4 44.0
1084    2    8 BGO 0.0
1085    50    8 SEGL 0.0
1086    51    8 SEGM 0.0
1087    52    8 SEGR 0.0
1088    4    8 AUX 0.0
1089    4    8 AUX 0.0
1130    11    9 GE1 125.0
1131    12    9 GE2 124.0
1132    13    9 GE3 138.0
1133    14    9 GE4 135.0
1134    2    9 BGO 0.0
1135    50    9 SEGL 0.0
1136    51    9 SEGM 0.0
1137    52    9 SEGR 0.0
1138    4    9 AUX 0.0
1139    4    9 AUX 0.0
1140    11   10 GE1 126.0
1141    12   10 GE2 126.0
1142    13   10 GE3 132.5
1143    14   10 GE4 132.5
1144    2   10 BGO 0.0
1145    50   10 SEGL 0.0
1146    51   10 SEGM 0.0
1147    52   10 SEGR 0.0
1148    4   10 AUX 0.0
1149    4   10 AUX 0.0
1150    11   11 GE1 86.5
1151    12   11 GE2 86.5
1152    13   11 GE3 94.5
1153    14   11 GE4 94.5
1154    2   11 BGO 0.0
1155    50   11 SEGL 0.0
1156    51   11 SEGM 0.0
1157    52   11 SEGR 0.0
1158    4   11 AUX 0.0
1159    4   11 AUX 0.0
1160    11   12 GE1 87.5
1161    12   12 GE2 87.5
1162    13   12 GE3 92.5
1163    14   12 GE4 92.5
1164    2   12 BGO 0.0
1165    50   12 SEGL 0.0
1166    51   12 SEGM 0.0
1167    52   12 SEGR 0.0
1168    4   12 AUX 0.0
1169    4   12 AUX 0.0
1170    11   13 GE1 86.0
1171    12   13 GE2 87.0
1172    13   13 GE3 94.5
1173    14   13 GE4 92.5
1174    2   13 BGO 0.0
1175    50   13 SEGL 0.0
1176    51   13 SEGM 0.0
1177    52   13 SEGR 0.0
1178    4   13 AUX 0.0
1179    4   13 AUX 0.0
1180    11   14 GE1 85.0
1181    12   14 GE2 85.0
1182    13   14 GE3 94.0
1183    14   14 GE4 94.0
1184    2   14 BGO 0.0
1185    50   14 SEGL 0.0
1186    51   14 SEGM 0.0
1187    52   14 SEGR 0.0
1188    4   14 AUX 0.0
1189    4   14 AUX 0.0
1190    11   15 GE1 42.0
1191    12   15 GE2 44.0
1192    13   15 GE3 48.0
1193    14   15 GE4 47.0
1194    2   15 BGO 0.0
1195    50   15 SEGL 0.0
1196    51   15 SEGM 0.0
1197    52   15 SEGR 0.0
1198    4   15 AUX 0.0
1199    4   15 AUX 0.0
1200    11   16 GE1 42.0
1201    12   16 GE2 44.0
1202    13   16 GE3 48.0
1203    14   16 GE4 47.0
1204    2   16 BGO 0.0
1205    50   16 SEGL 0.0
1206    51   16 SEGM 0.0
1207    52   16 SEGR 0.0
1208    4   16 AUX 0.0
1209    4   16 AUX 0.0
1090    5    1 SI 0.0
1091    5    2 SI 0.0
1092    5    3 SI 0.0
1093    5    4 SI 0.0
1094    5    5 SI 0.0
1095    5    6 SI 0.0
1096    5    7 SI 0.0
1097    5    8 SI 0.0
1098    5    9 SI 0.0
1099    5   10 SI 0.0
1100    5   11 SI 0.0
1101    5   12 SI 0.0
1102    5   13 SI 0.0
1103    5   14 SI 0.0
1104    5   15 SI 0.0
1105    5   16 SI 0.0
1106    5   17 SI 0.0
1107    5   18 SI 0.0
1108    5   19 SI 0.0
1109    5   20 SI 0.0
1110    5   21 SI 0.0
1111    5   22 SI 0.0
1112    5   23 SI 0.0
1113    5   24 SI 0.0
1114    5   25 SI 0.0
1115    5   26 SI 0.0
1116    5   27 SI 0.0
1117    5   28 SI 0.0
1118    5   29 SI 0.0
1119    5   30 SI 0.0
1120    5   31 SI 0.0
1121    5   32 SI 0.0
1122    5   33 SI 0.0
1123    5   34 SI 0.0
1124    5   35 SI 0.0
1125    5   36 SI 0.0
1126    5   37 SI 0.0
1127    5   38 SI 0.0
1128    5   39 SI 0.0
1129    5   40 SI 0.0
